3.12 [20] <3. 3>使用图3-3所示的硬件描述计算八进制无符号6位整数62和12的乘积，并给出一个
类似于图3-6中的表。必须给出每个步骤中每个寄存器的内容。

Step        Action          Multiplier     Multiplicand        Product
0           Initial Vals     001 010      000 000 110 010     000 000 000 000

            lsb=0, no op     001 010      000 000 110 010     000 000 000 000
1           Lshift Mcand     001 010      000 001 100 100     000 000 000 000
            Rshift Mplier    000 101      000 001 100 100     000 000 000 000

            Prod=Prod+Mcand  000 101      000 001 100 100     000 001 100 100
2           Lshift Mcand     000 101      000 011 001 000     000 001 100 100
            Rshift Mplier    000 010      000 011 001 000     000 001 100 100

            lsb=0, no op     000 010      000 011 001 000     000 001 100 100
3           Lshift Mcand     000 010      000 110 010 000     000 001 100 100
            Rshift Mplier    000 001      000 110 010 000     000 001 100 100

            Prod=Prod+Mcand  000 001      000 110 010 000     000 111 110 100
4           Lshift Mcand     000 001      001 100 100 000     000 111 110 100
            Rshift Mplier    000 000      001 100 100 000     000 111 110 100

            lsb=0, no op     000 000      001 100 100 000     000 111 110 100
5           Lshift Mcand     000 000      011 001 000 000     000 111 110 100
            Rshift Mplier    000 000      011 001 000 000     000 111 110 100

            lsb=0, no op     000 000      011 001 000 000     000 111 110 100
6           Lshift Mcand     000 000      110 010 000 000     000 111 110 100
            Rshift Mplier    000 000      110 010 000 000     000 111 110 100