3.13 [20] <3. 3>使用与图3-6相同的一张表，使用图3-5所示的硬件描述计算十六进制无符号8位整
数62和12的乘积。必须给出每个步骤中每个寄存器的内容。

Step            Action           Multiplicand        Product/Multiplier
0            Initial Vals        0110 0010           0000 0000 0001 0010

1            lbs=0, no op        0110 0010           0000 0000 0001 0010
             Rshift Product      0110 0010           0000 0000 0000 1001

2            Prod=Prod+Mcand     0110 0010           0110 0010 0000 1001
             Rshift Product      0110 0010           0011 0001 0000 0100

3            lbs=0, no op        0110 0010           0011 0001 0000 0100
             Rshift Product      0110 0010           0001 1000 1000 0010

4            lbs=0, no op        0110 0010           0001 1000 1000 0010
             Rshift Prod         0110 0010           0000 1100 0100 0001

5            Prod=Prod+Mcand     0110 0010           0110 1110 0100 0001
             Rshift Prod         0110 0010           0011 0111 0010 0000

6            lbs=0, no op        0110 0010           0011 0111 0010 0000
             Rshift Prod         0110 0010           0001 1011 1001 0000

7            lbs=0, no op        0110 0010           0001 1011 1001 0000
             Rshift Prod         0110 0010           0000 1101 1100 1000

8            lbs=0, no op        0110 0010           0000 1101 1100 1000
             Rshift Prod         0110 0010           0000 0110 1110 0100