3.18 [20] <3. 4 >使用图3-8中的硬件结构计算74除以21，并给出一个类似于图3-10中的表。你需要
。给出每一步中各个寄存器的值。假设输人都是6位无符号整数。

74/21 = 3 remainder 9

Step     Action          Quotient         Divisor          Remainder
0       Initial Vals     000 000      010 001 000 000    000 000 111 100

        Rem=Rem-Div      000 000      010 001 000 000    101 111 111 100
1       Rem<0,R+D,Q<<    000 000      010 001 000 000    000 000 111 100
        Rshift Div       000 000      001 000 100 000    000 000 111 100

        Rem=Rem-Div      000 000      001 000 100 000    111 000 011 100
2       Rem<0,R+D,Q<<    000 000      001 000 100 000    000 000 111 100
        Rshift Div       000 000      000 100 010 000    000 000 111 100

        Rem=Rem-Div      000 000      000 100 010 000    111 100 101 100
3       Rem<0,R+D,Q<<    000 000      000 100 010 000    000 000 111 100
        Rshift Div       000 000      000 010 001 000    000 000 111 100

        Rem=Rem-Div      000 000      000 010 001 000    111 110 110 100
4       Rem<0,R+D,Q<<    000 000      000 010 001 000    000 000 111 100
        Rshift Div       000 000      000 001 000 100    000 000 111 100

        Rem=Rem-Div      000 000      000 001 000 100    111 111 111 000
5       Rem<0,R+D,Q<<    000 000      000 001 000 100    000 000 111 100
        Rshift Div       000 000      000 000 100 010    000 000 111 100

        Rem=Rem-Div      000 000      000 000 100 010    000 000 011 010
6       Rem>0,Q<<1   000 001      000 000 100 010    000 000 011 010
        Rshift Div       000 001      000 000 010 001    000 000 011 010

        Rem=Rem-Div      000 001      000 000 010 001    000 000 001 001
7       Rem>0,Q<<1       000 011      000 000 010 001    000 000 001 001
        Rshift Div       000 011      000 000 001 000    000 000 001 001